# kid noise_min noise_max noise_mean shell_count
  0 0.075533 4.396250 0.990984 3
  1 0.221777 3.155090 1.015446 6
  2 0.095272 3.010870 0.987512 4
  3 0.075467 4.122000 1.034314 3
  4 0.355853 2.375610 0.992158 12
  5 0.245888 2.087520 0.995095 12
  6 0.141801 2.893070 0.984531 6
  7 0.290479 2.076880 0.992831 15
  8 0.364132 2.001510 1.009777 12
  9 0.298913 2.256590 1.001731 12
 10 0.072165 3.648880 0.978038 4
 11 0.287625 2.302760 0.989670 12
 12 0.420322 1.654670 0.990630 24
 13 0.031897 4.555880 1.024847 3
 14 0.452634 1.838380 0.995909 24
 15 0.410214 1.766850 0.993954 18
 16 0.299722 2.096290 0.997809 12
 17 0.588226 1.594340 1.004657 36
 18 0.361351 2.251680 0.987321 12
 19 0.467645 1.809370 0.997983 27
 20 0.528819 1.561340 0.998178 36
 21 0.373194 2.064340 1.000087 16
 22 0.577048 1.656640 1.004202 36
 23 0.504490 1.728030 1.009805 24
 24 0.475200 1.694990 1.004518 30
 25 0.556747 1.491330 0.997436 48
 26 0.487309 1.891690 0.996623 27
 27 0.505645 1.711800 0.995742 36
 28 0.660696 1.441470 1.007309 84
 29 0.485149 1.714730 1.004002 24
 30 0.634494 1.510760 0.999733 60
 31 0.678477 1.417320 1.004231 73
 32 0.638613 1.413660 1.002201 72
 33 0.665782 1.544170 1.007315 72
 34 0.687620 1.350280 0.999001 72
 35 0.649346 1.451180 0.996453 84
 36 0.695117 1.451820 1.003396 99
 37 0.669264 1.280610 0.997309 108
 38 0.759777 1.339790 0.995626 102
 39 0.750376 1.327030 1.001952 112
 40 0.791873 1.261840 0.997642 147
 41 0.784725 1.290810 0.999922 168
 42 0.742708 1.277230 1.002314 156
 43 0.721698 1.293180 1.005558 126
 44 0.764486 1.253600 0.998307 207
 45 0.780562 1.217360 1.003684 196
 46 0.801666 1.240980 0.999659 252
 47 0.777802 1.278160 1.001042 219
 48 0.840499 1.252580 1.002862 282
 49 0.826001 1.220980 0.996882 312
 50 0.827894 1.164030 0.998466 307
 51 0.825186 1.181860 1.001029 348
 52 0.820075 1.195070 1.000840 330
 53 0.825728 1.151550 0.999942 399
 54 0.867240 1.159040 1.002911 492
 55 0.863550 1.190780 0.997883 463
 56 0.879169 1.121120 0.999223 606
 57 0.870090 1.175100 0.997028 492
 58 0.878727 1.120700 1.002061 735
 59 0.895345 1.135100 0.999116 706
 60 0.886188 1.150080 0.998082 723
 61 0.877733 1.131960 0.999480 780
 62 0.891454 1.102110 0.998797 897
 63 0.906278 1.113570 1.001562 976
 64 0.890196 1.115250 0.998874 1047
 65 0.907059 1.080960 0.999444 1170
 66 0.879643 1.108770 1.001307 1267
 67 0.916256 1.092770 1.000525 1410
 68 0.921878 1.091490 1.000476 1443
 69 0.931617 1.092110 1.000939 1675
 70 0.928966 1.089340 1.001063 1770
 71 0.937279 1.079470 0.999966 1971
 72 0.938733 1.071130 1.000034 2065
 73 0.935202 1.064160 1.000280 2292
 74 0.935488 1.060110 1.000578 2617
 75 0.942780 1.067040 1.000068 2751
 76 0.942973 1.057750 0.999584 2958
 77 0.950772 1.054420 0.998710 3247
 78 0.939909 1.047400 0.999887 3585
 79 0.941251 1.047830 1.000407 3883
 80 0.955166 1.047570 0.999982 4029
 81 0.951004 1.044690 1.000047 4798
 82 0.954023 1.043990 1.000137 4971
 83 0.958971 1.039420 0.999996 5413
 84 0.961950 1.044770 0.999602 6045
 85 0.963445 1.044290 0.999893 6583
 86 0.955623 1.042860 0.999598 7017
 87 0.965463 1.044160 0.999549 7705
 88 0.966833 1.035410 1.000149 8599
 89 0.959748 1.030350 1.000259 9021
 90 0.959912 1.031470 0.999986 10225
 91 0.962263 1.029770 1.000108 10581
 92 0.972076 1.027620 0.999934 12079
 93 0.972168 1.034000 1.000153 13012
 94 0.969916 1.033540 0.999865 14269
 95 0.970065 1.028520 0.999864 15417
 96 0.976188 1.025300 0.999839 16561
 97 0.976971 1.023400 1.000053 18496
 98 0.977849 1.021630 0.999853 20161
 99 0.978755 1.020880 0.999758 21660
100 0.979363 1.022790 1.000077 23725
101 0.980199 1.018520 1.000472 25816
102 0.982168 1.021640 0.999899 28537
103 0.984247 1.016810 0.999813 31060
104 0.982492 1.017800 0.999886 33229
105 0.977226 1.016350 1.000039 36742
106 0.986240 1.017170 1.000152 40024
107 0.982275 1.014770 0.999836 43564
108 0.981010 1.014740 0.999835 47041
109 0.986970 1.013570 1.000194 51946
110 0.988045 1.014290 1.000125 56632
111 0.986760 1.013370 1.000027 61186
112 0.988651 1.011310 0.999930 66740
113 0.988735 1.013650 1.000076 73066
114 0.989020 1.012250 0.999909 79807
115 0.989964 1.011400 1.000000 87430
116 0.990257 1.010420 1.000024 94436
117 0.990479 1.012000 1.000041 102505
118 0.987979 1.011200 1.000242 112906
119 0.990470 1.011230 0.999947 122753
120 0.991247 1.008040 1.000063 133384
121 0.990491 1.008190 1.000045 146429
122 0.991476 1.007940 1.000045 158261
123 0.992949 1.008120 1.000035 173050
124 0.993448 1.007060 0.999969 189149
125 0.992959 1.005980 0.999914 206309
126 0.992749 1.008970 1.000026 224338
127 0.993510 1.005580 0.999964 244937
128 0.993783 1.007130 0.999992 267005
129 0.994220 1.005130 0.999941 290015
130 0.993784 1.006640 0.999977 317372
131 0.994494 1.005860 1.000074 345119
132 0.994474 1.005780 0.999989 378248
133 0.995074 1.005290 0.999971 409718
134 0.995323 1.004560 0.999988 448290
135 0.995018 1.004760 1.000082 488540
136 0.995286 1.003930 0.999934 532406
137 0.995867 1.003970 0.999930 580854
138 0.995779 1.004220 0.999981 630710
139 0.996165 1.003970 0.999969 691299
140 0.996374 1.003610 1.000012 752085
141 0.996853 1.003360 1.000038 819086
142 0.996572 1.002960 0.999996 894519
143 0.996575 1.003460 1.000008 973929
144 0.996509 1.002830 0.999985 1061500
145 0.997365 1.002760 1.000006 1159260
146 0.997179 1.002820 0.999998 1260740
147 0.997221 1.003090 0.999975 1377990
148 0.997210 1.002310 0.999954 1498370
149 0.997554 1.003110 0.999982 1636730
150 0.997613 1.002280 0.999922 1783840
151 0.997303 1.002410 1.000009 1943430
152 0.997697 1.002400 1.000011 2117770
153 0.997658 1.002090 0.999967 2312670
154 0.997755 1.001900 1.000024 2519000
155 0.998099 1.002040 0.999982 2744520
156 0.998282 1.001960 0.999995 2995150
157 0.998153 1.001920 1.000005 3262650
158 0.998112 1.001720 0.999988 3558020
159 0.998326 1.001780 0.999986 3877940
160 0.998496 1.001590 1.000015 4228700
161 0.998517 1.001210 0.999984 4610010
162 0.998396 1.001350 1.000003 5024390
163 0.998387 1.001420 1.000009 5479010
164 0.998784 1.001290 0.999977 5974340
165 0.998507 1.001210 0.999993 6509020
166 0.998843 1.001330 1.000006 7102430
167 0.998825 1.001160 0.999987 7736960
168 0.998625 1.000930 0.999980 8439970
169 0.999052 1.001170 0.999994 9195850
170 0.999094 1.000980 1.000012 10026200
171 0.998991 1.000850 1.000005 10933200
172 0.999160 1.000930 0.999997 11918000
173 0.999093 1.000890 1.000007 12992400
174 0.999165 1.000930 1.000017 14161100
175 0.999292 1.000920 1.000001 15446400
176 0.999209 1.000840 1.000004 16828500
177 0.999251 1.000750 1.000005 18352100
178 0.999210 1.000730 1.000006 20009800
179 0.999359 1.000710 1.000004 21812300
180 0.999355 1.000830 1.000004 23704600
181 0.999337 1.000550 0.999989 24204900
182 0.999252 1.000710 1.000007 24032700
183 0.999336 1.000800 1.000010 23713800
184 0.999214 1.000640 1.000018 23215800
185 0.999337 1.000790 1.000007 22506200
186 0.999374 1.000680 1.000011 21578300
187 0.999376 1.000620 1.000004 20387900
188 0.999264 1.000770 0.999987 18903100
189 0.999265 1.000730 1.000000 17087700
190 0.999162 1.000890 0.999998 14902000
191 0.999188 1.000950 0.999999 12293900
192 0.999017 1.001090 1.000005 9232970
193 0.998477 1.001180 0.999978 6458020
194 0.998452 1.001820 1.000019 4495640
195 0.998168 1.001640 0.999999 2967800
196 0.997105 1.002270 0.999987 1774110
197 0.996762 1.003030 0.999927 887157
198 0.993225 1.007270 0.999973 300782
199 0.983198 1.020170 0.999803 31117
