0.00613592  1.19691  0.828822  3
0.00867751  1.226  0.703674  6
0.0106277  1.37731  0.68388  4
0.0122718  0.574626  0.419771  3
0.0137203  1.09007  0.479302  12
0.0150299  1.16944  0.293073  12
0.017355  0.985135  0.481073  6
0.0184078  1.1282  0.273414  15
0.0194035  1.06332  0.337674  12
0.0203506  0.544722  0.18853  12
0.0212555  0.985923  0.560425  4
0.0221234  0.985022  0.347006  12
0.0229585  1.1119  0.165042  24
0.0245437  0.72684  0.503727  3
0.0252991  0.805587  0.147535  24
0.0260325  1.32802  0.303114  18
0.0267459  1.12226  0.175551  12
0.0278924  0.865744  0.150678  36
0.02878  0.918975  0.190352  12
0.0304041  1.11217  0.193525  27
0.0312872  1.25544  0.171907  36
0.0318832  0.916719  0.191881  16
0.033043  1.13754  0.143332  36
0.0336078  0.944514  0.195702  24
0.0351406  0.77587  0.13072  30
0.0360394  0.992275  0.126716  48
0.0370412  1.24949  0.159053  27
0.0378244  0.797532  0.125189  36
0.0393563  0.908628  0.111605  84
0.0404685  0.675683  0.122422  24
0.041343  1.13729  0.149251  60
0.0431782  0.892161  0.128765  73
0.044316  0.971962  0.12712  72
0.0453654  0.939134  0.0984801  72
0.0467955  1.12016  0.12471  72
0.0481466  0.86988  0.0959707  84
0.0496416  0.977916  0.0849082  99
0.0508855  1.07805  0.103914  108
0.0525723  1.0877  0.124533  102
0.0537036  1.11739  0.113574  112
0.0555823  0.971514  0.0842132  147
0.0573235  0.990625  0.0766932  168
0.0588018  0.877062  0.0705359  156
0.0607123  1.12082  0.101405  126
0.0621169  0.97044  0.0661374  207
0.0638731  1.02859  0.0669748  196
0.0659346  1.10394  0.0762241  252
0.0679655  1.0029  0.0651824  219
0.0697741  1.05038  0.064343  282
0.0719069  1.01333  0.0588151  312
0.0742463  1.06502  0.061248  307
0.0761166  0.973914  0.0561259  348
0.0783673  0.976341  0.054048  330
0.0804577  0.952287  0.0493095  399
0.0828864  1.00418  0.0423885  492
0.0854198  1.02057  0.0469492  463
0.0879793  0.991953  0.0428673  606
0.0905425  1.04682  0.044865  492
0.0930558  0.99926  0.0393063  663
0.0959956  0.984699  0.036832  778
0.0987546  0.957411  0.0374738  603
0.101408  0.995968  0.0350284  900
0.104605  1.00683  0.0340439  897
0.107587  0.959957  0.0320876  976
0.110744  0.966619  0.0286545  1047
0.113965  0.982053  0.0284932  1170
0.117346  0.994956  0.0282098  1267
0.120619  1.00267  0.0266767  1290
0.124137  1.03012  0.0259501  1563
0.127894  1.00299  0.0255615  1675
0.131546  0.995396  0.0242604  1698
0.135346  1.00186  0.0230813  1947
0.13934  0.989691  0.0211437  2161
0.143415  1.00021  0.0207484  2292
0.147697  0.97808  0.0186446  2617
0.152081  1.00307  0.0191674  2751
0.156463  1.0396  0.0188657  2958
0.161021  0.993432  0.0171045  3247
0.165725  0.979937  0.0161429  3585
0.170409  1.00102  0.0169457  3631
0.175221  1.01974  0.0160105  4194
0.180441  0.991505  0.0142512  4777
0.18582  0.989364  0.014095  5043
0.191242  1.03045  0.0139663  5449
0.196827  1.00847  0.0130045  5973
0.202603  1.02644  0.0126792  6559
0.208499  0.974715  0.0117836  7017
0.214592  1.00847  0.0113893  7801
0.220893  0.98275  0.0107466  8479
0.227314  1.0076  0.0106464  9045
0.233939  1.00936  0.0100755  10153
0.240765  1.00854  0.00988842  10749
0.247792  0.980185  0.00891647  12079
0.255027  0.983142  0.0087319  12772
0.262466  1.00786  0.00844524  14341
0.270188  1.0147  0.00821542  15489
0.278028  1.00783  0.00787998  16561
0.286114  1.01058  0.00749339  18424
0.294528  1.0066  0.00714649  20173
0.303171  0.995394  0.00670884  21816
0.311989  0.988548  0.00648085  23581
0.321056  1.00161  0.00618195  25840
0.330459  1.01531  0.00607665  28465
0.340128  1.00344  0.00582075  30676
0.35005  1.00462  0.00541398  33637
0.360317  1.00086  0.00519683  36802
0.370812  1.00397  0.00500812  39520
0.381615  0.99753  0.00477062  43672
0.39278  0.996444  0.00454747  47449
0.404252  0.997823  0.00439541  51658
0.416048  1.00193  0.00423097  56296
0.428183  0.999122  0.00403578  61366
0.440695  1.00695  0.00389123  67136
0.453579  1.00176  0.00370981  73018
0.466828  0.997063  0.00354798  79639
0.480478  1.00027  0.00339293  87010
0.494491  1.00074  0.00326501  94208
0.508906  0.999742  0.0031065  103165
0.523772  0.998604  0.00297575  112510
0.539082  1.00157  0.00285519  122717
0.554814  0.99384  0.0027165  133420
0.571047  0.999152  0.0026022  146417
0.587744  1.00118  0.00250671  158585
0.604874  0.998269  0.002402  172858
0.622498  1.00181  0.0023105  188285
0.640673  0.998628  0.00220112  206213
0.659385  0.999481  0.00211273  223966
0.678668  1.00183  0.00202813  245681
0.698497  0.997457  0.00193182  265853
0.718851  0.995979  0.00184709  290411
0.739871  0.999884  0.00177477  317972
0.761481  0.998865  0.00170104  344639
0.783725  0.99683  0.00162226  377804
0.806622  0.998529  0.00156203  409970
0.830166  0.999993  0.00149637  448050
0.854431  1.0001  0.00142919  488660
0.879368  1.00052  0.00137504  531026
0.905036  1.00215  0.00131536  580734
0.931489  0.997904  0.00125466  632906
0.958703  0.999799  0.0012036  689679
0.986693  1.0011  0.00115598  751317
1.01548  1.00022  0.00110608  818678
1.04515  0.999039  0.00105547  894663
1.07569  0.999433  0.00101209  973917
1.10708  0.999192  0.000971191  1.06037e+06
1.13939  0.998608  0.000928392  1.15769e+06
1.17268  0.999305  0.000889216  1.26338e+06
1.20695  1.00038  0.000852883  1.37661e+06
1.24219  1.00151  0.000817783  1.49821e+06
1.27845  1.00071  0.000783676  1.63627e+06
1.31579  1.00121  0.000750745  1.78213e+06
1.35423  1.00099  0.000718186  1.94481e+06
1.39377  0.999955  0.000686767  2.11744e+06
1.43446  0.999937  0.000657921  2.30996e+06
1.47635  0.999561  0.000629462  2.51754e+06
1.51946  0.998902  0.000602397  2.74558e+06
1.56384  1.00047  0.000578706  2.99355e+06
1.6095  0.999325  0.000553067  3.26105e+06
1.6565  1.00097  0.000530264  3.55934e+06
1.70488  0.999081  0.000507481  3.87617e+06
1.75465  0.999234  0.000486039  4.22671e+06
1.80591  1.0003  0.000466138  4.61248e+06
1.85866  0.999841  0.000446  5.02387e+06
1.91293  0.99999  0.000427644  5.4765e+06
1.96879  0.999685  0.000409261  5.97333e+06
2.02628  1.00004  0.000392191  6.50807e+06
2.08545  0.99939  0.00037499  7.10042e+06
2.14636  1.00006  0.000359657  7.7371e+06
2.20904  1.00004  0.000344193  8.43639e+06
2.27355  1.00015  0.000329772  9.19562e+06
2.33993  1  0.000315826  1.00248e+07
2.40826  1.00002  0.000302511  1.09308e+07
2.47859  1.00006  0.000289636  1.19167e+07
2.55098  1.00011  0.000277327  1.29909e+07
2.62547  0.999492  0.000265579  1.4162e+07
2.70215  1.00016  0.000254608  1.54421e+07
2.78105  1.00032  0.000243798  1.68283e+07
2.86226  0.999734  0.000233318  1.83521e+07
2.94585  0.999735  0.000223498  2.00053e+07
3.03188  0.999924  0.000214101  2.18099e+07
3.12042  0.99982  0.000205044  2.37799e+07
3.21155  1.00017  0.000196408  2.59189e+07
3.30533  0.999975  0.000188095  2.82597e+07
3.40185  1.00035  0.000180264  3.08065e+07
3.5012  1.00018  0.000172593  3.35895e+07
3.60345  1.00003  0.000165317  3.66174e+07
3.70868  0.999965  0.000158276  3.9917e+07
3.81697  0.999991  0.000151613  4.35151e+07
3.92844  0.999902  0.000145167  4.74479e+07
4.04316  1  0.000139055  5.17211e+07
4.16123  1.00001  0.000133209  5.63862e+07
4.28275  1.00014  0.000127526  6.14762e+07
4.40782  0.999977  0.000122129  6.70189e+07
4.53655  0.999949  0.000116962  7.30641e+07
4.66903  1.00004  0.000112042  7.96521e+07
4.80537  1.00001  0.000107327  8.68306e+07
4.9457  0.999969  0.000102786  9.46695e+07
5.09013  1.00019  9.84633e-05  1.03205e+08
5.23877  1.00013  9.42903e-05  1.12513e+08
5.39176  1  9.02888e-05  1.22664e+08
5.54921  0.999905  8.64682e-05  1.33722e+08
5.71126  0.999916  8.28162e-05  1.45783e+08
5.87805  1.00004  7.93153e-05  1.58942e+08
6.04971  0.99995  7.59745e-05  1.73263e+08
